&INST
Title= "Sample Chem Educ Data from Chihche and Keith XXXXX"
ITEM1 = 1 ; Starting column of item responses
Key1="4 3 3 2 1 2 2 2 3 4 2 2 3 4 1 1 1 1 1 1 2 4 1 2 "
NI = 24 ; Number of items
NAME1 = 50 ; Starting column for person label in data record
NAMLEN = 11 ; Length of person label
XWIDE = 2 ; Matches the widest data value observed
CODES = "1 2 3 4 " ; matches the data
TOTALSCORE = Yes ; Include extreme responses in reported scores
; Person Label variables: columns in label: columns in line
@School = 1E1 ; $C50W1
@Grade = 3E4 ; $C52W2
@Student-# = 6E8 ; $C55W3
@Gender = 10E10 ; $C59W1
&END ; Item labels follow: columns in label
q1 ; Item 1 : 1-2
q2 ; Item 2 : 3-4
q3 ; Item 3 : 5-6
q4 ; Item 4 : 7-8
q5 ; Item 5 : 9-10
q6 ; Item 6 : 11-12
q7 ; Item 7 : 13-14
q8 ; Item 8 : 15-16
q9 ; Item 9 : 17-18
q10 ; Item 10 : 19-20
q11 ; Item 11 : 21-22
q12a ; Item 12 : 23-24
q12b ; Item 13 : 25-26
q13 ; Item 14 : 27-28
q14a ; Item 15 : 29-30
q14b ; Item 16 : 31-32
q15a ; Item 17 : 33-34
q15b ; Item 18 : 35-36
q16a ; Item 19 : 37-38
q16b ; Item 20 : 39-40
q17a ; Item 21 : 41-42
q17b ; Item 22 : 43-44
q18a ; Item 23 : 45-46
q18b ; Item 24 : 47-48
END NAMES
 4 3 3 2 1 2 2 2 3 3 1 2 3 2 1 1 1 1 1 1 2 4 1 2 D 11 100 0
 4 3 1 2 1 2 2 2 3 1 2 2 3 2 1 1 1 1 1 1 2 4 2 3 D 11 101 0
 4 3 3 2 1 2 2 2 3 X 4 2 3 2 1 1 1 1 1 2 2 4 1 2 D 11 102 0
 4 3 1 2 3 2 2 2 3 3 1 2 3 2 1 1 2 4 2 4 2 4 1 2 E 11 103 1
 4 4 1 2 1 2 2 2 3 3 4 2 3 2 1 1 1 1 1 1 2 4 3 5 E 11 104 1
 4 4 3 2 1 2 1 2 3 3 2 2 3 2 1 1 1 1 1 1 2 4 1 1 E 11 105 1
 4 4 2 4 3 2 2 2 3 3 2 1 2 2 2 1 1 2 1 1 2 4 2 4 E 11 106 1
 4 3 3 2 1 2 2 2 2 3 2 2 3 2 1 1 1 1 1 1 2 4 2 4 E 11 107 1
 4 4 3 2 1 2 3 2 3 3 2 2 3 2 1 1 1 1 1 1 2 4 1 2 E 11 108 1
 4 3 2 2 1 2 1 2 3 3 2 2 2 2 1 1 1 1 1 1 2 4 1 1 E 11 109 1
 4 3 3 2 1 2 2 2 3 3 2 2 3 2 2 4 1 1 1 1 2 4 1 2 E 11 110 1
 4 3 3 2 1 2 2 2 3 3 1 2 3 2 1 3 1 1 1 1 2 4 2 4 E 11 111 1
 4 3 3 2 3 3 2 2 3 4 3 2 3 2 3 5 2 4 1 1 2 4 1 2 E 11 112 1
 4 3 3 2 1 2 1 2 3 4 2 2 3 2 2 3 1 1 2 3 2 4 3 5 E 11 113 1
 4 3 3 2 1 1 2 2 3 3 4 2 3 2 1 1 1 1 1 1 2 4 3 5 E 11 114 1
 4 4 1 2 1 2 2 3 3 4 3 1 2 2 1 1 2 4 1 1 2 4 2 4 E 11 115 1
 4 4 2 2 1 2 2 2 3 4 2 2 3 2 1 1 1 2 4 1 1 1 1 2 E 11 116 1
 4 3 3 2 2 1 2 1 2 2 3 2 2 3 2 2 4 1 1 1 1 2 4 1 E 11 117 1
 4 3 3 2 1 2 2 2 2 4 3 2 3 2 1 1 1 1 2 4 2 4 3 5 E 11 118 1
 4 3 1 2 1 2 2 2 3 3 1 2 3 2 1 1 2 4 1 1 2 4 1 2 E 11 119 1
 4 4 3 2 1 2 2 3 2 4 2 2 3 2 2 1 1 1 1 1 2 4 1 2 E 11 120 1
 4 3 3 2 1 2 2 2 3 3 2 2 3 2 1 1 1 1 1 1 2 4 2 4 E 11 121 1
 1 4 2 2 1 2 1 2 3 3 2 2 3 2 2 3 1 1 1 1 2 4 1 1 E 11 122 1
 4 3 1 2 4 2 2 2 3 4 3 2 3 2 1 3 2 3 2 3 2 3 3 5 E 11 123 1
 4 4 3 2 1 2 3 2 3 3 2 2 4 2 2 x 1 1 1 1 2 4 2 4 E 11 124 1
 1 4 2 2 1 2 2 2 3 3 3 2 3 2 1 1 1 1 2 4 2 4 2 3 E 11 125 1
 4 3 3 2 1 2 2 2 3 4 2 2 3 2 1 1 1 1 1 1 2 4 3 5 E 11 126 1
 1 3 1 2 1 2 1 2 2 3 2 2 4 2 1 1 2 4 2 4 2 4 1 1 E 11 127 1
 4 3 3 2 1 2 3 2 3 4 2 2 3 2 1 3 1 1 1 1 2 4 1 2 E 11 128 1
 4 3 2 2 1 2 1 3 3 3 2 2 4 2 1 1 1 1 2 4 2 4 1 2 E 11 129 1
 4 3 1 4 3 2 2 2 3 4 2 2 3 2 1 1 1 1 1 1 2 4 1 2 E 11 130 1
 4 4 2 2 1 2 2 2 3 3 2 2 3 2 3 6 2 4 1 1 2 4 3 5 E 11 131 1
 4 3 3 2 1 2 2 2 3 4 2 2 3 2 1 1 1 1 1 1 2 4 3 5 E 11 132 1
 1 3 3 2 1 2 2 2 3 3 2 2 3 2 1 1 1 1 2 1 2 1 3 5 E 11 133 1
 4 3 4 4 4 4 4 4 4 4 4 1 4 4 1 1 1 1 1 1 1 1 1 1 E 11 134 1
 4 3 2 2 1 2 3 2 2 4 1 2 3 2 1 1 1 1 1 1 2 4 3 5 E 11 135 1
 4 3 2 2 1 2 2 1 2 4 2 2 3 2 1 1 1 1 1 1 2 4 3 5 E 11 136 1
 4 4 3 2 1 2 1 2 3 3 2 2 4 2 1 1 1 1 1 2 2 1 1 2 E 11 137 1
 4 3 2 2 1 2 2 2 2 3 2 2 3 2 1 1 1 1 2 4 2 4 2 4 E 11 138 1
 4 3 2 2 1 2 2 1 2 4 2 2 2 2 1 1 1 1 1 1 2 4 2 4 E 11 139 1
 4 3 3 2 1 2 2 2 3 4 2 2 4 2 1 1 1 1 1 2 2 4 1 2 E 11 140 1
 4 3 3 2 1 2 2 2 3 4 4 2 3 2 1 1 1 1 1 1 2 4 3 5 E 11 141 1
 4 3 2 4 3 2 2 2 3 3 2 2 3 4 1 1 1 1 1 1 2 4 1 2 E 11 142 1
 4 3 3 2 1 2 2 2 3 3 2 2 3 2 1 1 1 1 1 1 2 4 2 4 E 11 143 1
 4 3 3 2 1 2 2 2 3 3 2 2 3 2 1 1 2 4 1 1 2 4 1 2 E 11 144 1
 4 3 3 2 1 2 2 2 3 4 2 2 3 2 1 1 1 1 2 4 2 4 1 1 E 11 145 1
 4 3 3 2 1 2 2 2 3 4 2 2 3 4 1 1 1 1 1 1 2 4 1 2 E 11 146 1
 4 3 3 2 1 2 1 2 3 3 1 2 3 2 1 1 2 4 1 1 2 4 3 5 E 11 147 1
 4 4 1 2 1 2 2 2 2 3 1 2 4 2 1 1 1 1 1 1 2 4 2 4 E 11 148 1
 4 3 1 2 1 2 1 2 3 3 4 2 3 2 1 1 1 1 1 1 1 1 3 5 E 11 149 1
 4 4 2 2 1 2 3 2 3 4 2 2 3 2 2 3 1 1 2 4 2 4 3 5 E 11 150 1
 4 3 3 2 1 2 1 2 3 X 2 2 3 4 1 1 2 4 1 1 2 4 1 2 E 11 151 1
 4 3 3 2 1 2 1 X 3 3 2 2 3 2 2 3 1 1 1 1 2 3 1 1 E 11 152 1
 4 3 2 2 1 2 2 3 3 3 1 2 3 2 1 1 1 1 1 1 2 4 1 2 E 11 153 1
 4 3 2 2 1 3 4 2 2 4 3 1 2 4 2 1 3 4 2 3 4 2 1 3 E 11 154 1
 4 3 3 2 1 2 2 2 3 4 2 2 3 2 1 1 1 1 1 1 2 4 3 5 E 11 155 1
 1 4 3 2 1 2 1 2 3 4 2 2 3 2 1 1 2 4 1 1 2 4 1 2 E 11 156 1
 4 3 1 2 1 2 1 2 3 3 4 2 4 2 1 1 1 1 1 1 2 4 3 5 E 11 157 1
 4 3 2 2 3 2 2 2 3 4 1 2 3 2 1 1 1 1 2 4 2 4 2 4 E 11 158 1
 4 4 3 2 3 2 2 2 3 3 3 2 3 2 1 1 2 4 1 1 2 4 1 2 E 11 159 1
 4 3 3 2 1 2 1 2 3 4 2 2 3 2 1 1 1 1 1 1 2 4 2 4 E 11 160 1
 4 4 1 2 1 1 1 2 2 3 4 2 3 2 1 1 1 1 1 1 2 4 1 2 E 11 161 1
 4 4 3 2 1 2 2 2 3 4 2 2 3 2 1 1 1 1 1 1 2 4 2 4 E 11 162 1
 4 4 2 2 1 2 2 2 2 2 4 2 3 4 1 1 1 1 2 4 2 4 2 4 E 11 163 1
 1 3 3 4 3 2 2 1 3 4 4 2 3 2 1 1 2 4 2 4 2 4 3 5 E 11 164 1
 4 3 1 2 1 2 2 2 3 4 2 2 3 2 1 1 2 4 1 1 2 4 1 2 E 11 165 1
 1 3 1 2 1 2 2 2 2 4 4 2 3 2 1 1 2 4 2 4 2 4 3 5 E 11 166 1
 4 3 3 2 1 2 2 1 3 4 2 2 3 4 1 1 1 1 2 4 2 4 2 4 E 11 167 1
 4 3 3 2 3 2 1 2 3 3 2 2 3 2 1 4 2 4 1 1 2 3 3 4 E 11 168 1
 4 3 3 2 1 2 3 2 3 4 2 2 3 2 1 1 1 1 1 1 2 4 1 2 E 11 169 0
 4 3 1 2 1 2 1 3 2 4 2 2 3 2 1 x 2 4 1 1 2 4 1 2 E 11 170 0
 1 2 2 2 1 2 3 2 3 3 2 2 3 2 1 1 2 4 2 4 2 4 3 5 E 11 171 0
 4 3 2 2 3 2 1 2 3 3 2 2 3 2 1 1 2 4 1 1 2 4 1 1 E 11 172 0
 4 3 1 2 3 2 1 2 2 4 4 2 3 2 1 1 2 3 1 1 2 4 1 2 E 11 173 0
 4 3 3 2 1 1 2 2 2 2 2 2 3 2 1 1 2 4 1 1 2 4 1 2 E 11 174 0
 