 TITLE='GEKA Content only w/o true false items Oct 2009'                            
 FORMAT=(11A1,25 (1A1,1X)) 
 KEY1="1214242311441333432113132"
 ITEM1=12
 NI=25
 NAME1=1
 NAMLEN=11
 CODES=1234
 XWIDE=1
 STBIAS=Y
 DISTRT=Y
 EXTRSC=0.3
 FITI=3.0
 CURVES=111 
 CSV=Y
idfile=*
1
5
9
25
*
 &END
Q1,tf,1
Q3,
Q5,
Q7,
Q9,tf, 5
Q11,
Q13,
Q15,
Q17,tf,9
Q19,
Q21,
Q23,
Q25,
Q27,
Q29,
Q31,
Q33,
Q35,
Q37,
Q39,
Q41,
Q43,
Q45,
Q47,
Q49,tf,25
END NAMES
9675866431,1,2,1,1,2,4,2,2,2,4,4,2,1,3,3,2,4,4,3,3,3,4,2,2,2,2,2,4,1,4,1,4,3,2,5,1,4,4,4,4,1,2,3,1,3,3,4,1,,2,2,1
6322000xxx,1,2,1,4,2,4,2,1,2,4,3,3,2,3,3,3,1,1,4,4,1,3,4,3,2,2,4,3,3,4,2,4,3,4,1,1,4,2,4,1,4,4,1,1,3,2,4,1,,2,5,1
8643914xxx,1,2,1,4,2,4,2,3,1,2,3,3,1,2,3,3,4,1,1,4,1,2,1,3,2,2,3,2,3,4,2,4,3,2,2,1,2,5,2,3,2,3,4,4,1,3,2,2,,2,3,1
1752164xxx,1,2,1,3,1,4,1,4,1,2,4,1,4,3,1,3,1,4,2,3,1,1,4,3,2,1,1,3,1,3,1,4,1,4,2,5,3,2,2,1,3,4,2,1,3,3,1,2,,1,2,1
9078309xxx,1,1,1,4,1,4,4,4,1,1,2,3,1,3,3,3,4,1,1,3,1,3,1,3,2,2,2,1,2,4,1,4,3,2,1,4,2,2,4,3,2,4,2,3,2,1,2,3,,2,1,1
458692xxxx,1,2,1,2,2,1,2,3,1,4,4,3,4,1,3,3,4,1,3,2,1,3,3,3,2,2,1,4,3,1,2,4,3,4,5,1,3,1,4,1,4,2,3,3,3,1,2,1,,2,2,1
4572138052,1,1,1,4,1,4,2,2,1,1,3,4,3,3,1,3,4,3,2,1,1,3,3,2,2,2,1,1,3,4,2,4,3,3,2,1,3,2,4,3,2,4,2,4,3,1,4,2,,2,3,1
201046xxxx,1,1,1,4,2,4,3,2,1,2,3,4,2,4,1,2,4,2,3,1,3,2,1,2,2,2,3,4,3,3,2,4,1,2,5,4,3,4,2,2,3,3,1,4,3,2,3,1,,2,1,1
1111111111,1,4,1,4,2,2,1,3,1,4,4,1,2,3,3,1,4,1,3,2,3,3,4,3,2,2,3,3,1,4,1,5,3,4,5,5,3,4,2,4,4,4,2,4,2,3,2,1,,2,2,1
201200303x,1,1,1,2,2,4,2,2,1,2,3,4,2,1,3,2,4,2,2,2,1,2,2,3,2,1,3,3,2,1,1,4,4,2,1,3,1,1,4,1,4,4,3,4,2,3,4,1,,2,2,1
7256238xxx,2,2,1,4,1,4,2,1,1,2,3,3,4,3,3,4,4,1,2,4,1,3,2,3,2,2,2,4,3,3,1,4,1,4,2,4,3,4,4,3,4,3,1,1,3,2,1,2,,2,2,1
7081925xxx,1,1,1,2,1,3,2,3,2,1,4,3,3,3,3,3,4,4,2,1,1,3,2,2,2,2,3,3,3,1,1,4,1,2,5,4,3,4,2,4,4,4,3,1,3,3,2,1,,2,1,1
4828245xxx,1,1,1,2,1,4,2,3,1,1,4,3,1,3,3,3,4,1,2,4,1,2,1,3,2,2,1,1,1,4,1,4,1,4,2,1,3,4,2,4,2,4,2,2,3,2,3,2,,1,2,1
1357246xxx,1,3,1,4,1,2,2,3,1,2,4,2,4,4,2,2,4,3,1,2,1,2,4,3,2,2,2,4,1,2,1,4,3,4,5,1,3,4,5,1,3,3,1,4,3,2,2,1,,1,5,1
806060xxxx,2,1,1,2,1,4,2,3,1,1,3,2,3,1,3,2,1,2,2,4,1,3,1,4,2,1,3,4,3,3,1,4,3,2,5,4,3,4,4,4,4,3,4,3,3,3,2,1,,2,2,1
001xxxxxxx,2,1,1,2,2,2,2,2,1,2,1,2,2,2,2,2,2,2,1,1,2,2,1,2,2,1,2,2,1,4,1,1,2,1,1,1,2,2,2,2,1,2,2,1,2,2,2,1,,1,2,1
1212860xxx,1,1,1,4,2,4,2,3,1,2,4,2,2,3,3,1,4,4,2,2,2,3,3,3,2,2,1,4,3,4,1,4,2,1,2,5,4,2,4,2,4,4,2,1,4,3,2,2,,2,1,1
8129456xxx,1,4,1,3,1,2,2,2,1,3,2,2,2,2,4,1,3,4,2,2,1,4,3,2,2,2,3,2,3,3,2,3,2,2,3,2,3,2,1,1,4,2,1,2,1,2,3,2,,1,2,1
3268744xxx,2,3,1,4,2,2,2,4,1,4,3,3,4,1,4,2,4,4,4,3,1,1,3,3,2,3,4,4,3,1,1,4,3,4,4,5,3,1,4,2,4,4,1,2,3,2,3,2,,1,1,1
002xxxxxxx,1,2,1,2,1,4,2,3,1,4,4,3,2,3,3,2,4,4,1,3,1,3,2,3,2,2,1,3,1,4,1,4,3,4,2,5,3,2,2,3,2,2,3,4,3,2,2,1,,2,1,1
003xxxxxxx,2,2,1,2,1,2,1,3,1,1,4,3,4,3,3,3,4,1,2,4,1,3,1,3,2,2,2,4,1,4,2,4,1,2,2,5,4,4,2,1,4,3,3,1,3,3,2,2,,2,1,1
5151515xxx,1,1,1,1,2,3,3,3,3,3,3,3,3,3,3,3,3,3,3,3,3,3,3,3,3,3,3,3,3,3,3,3,3,3,3,3,3,3,3,3,3,3,3,3,3,3,3,3,,1,4,1
1762354xxx,1,1,1,4,1,4,1,3,1,4,4,2,2,3,3,3,4,1,2,4,1,2,2,3,2,1,1,4,3,4,1,4,3,2,5,4,3,4,5,1,3,k,k,k,k,k,k,k,,k,k,k
2459395xxx,1,2,1,4,1,1,3,3,1,2,2,3,4,1,3,1,4,2,2,1,1,3,3,3,2,2,1,4,3,4,1,4,3,3,5,5,3,4,4,2,2,4,3,4,3,2,2,1,,2,2,1
3752190xxx,2,1,1,4,2,4,4,3,1,1,4,3,2,4,4,3,4,k,1,3,1,3,3,3,2,1,1,3,3,4,1,4,4,2,2,5,3,4,2,1,4,4,1,2,3,1,2,k,,k,k,k
3982089xxx,1,2,1,4,2,1,3,3,1,2,2,1,2,1,3,3,1,1,2,2,1,1,2,3,2,1,3,4,3,4,2,4,3,4,1,5,3,5,5,1,4,3,3,4,2,2,2,2,,2,1,1
5194396xxx,1,1,1,4,2,4,2,3,1,4,4,3,3,1,4,2,4,3,1,2,1,4,1,3,2,1,3,3,4,3,1,3,2,3,2,1,3,2,4,1,4,4,3,3,3,3,1,1,,1,2,1
1215198xxx,1,1,1,4,2,2,2,3,1,4,4,3,2,1,4,2,4,3,3,4,1,3,3,3,2,2,1,3,3,3,1,4,3,4,2,1,3,4,2,4,4,3,4,3,2,2,4,1,,2,2,1
9060519xxx,1,1,1,4,2,1,1,2,1,2,4,3,4,1,3,3,4,1,1,1,1,2,3,3,2,2,1,4,3,4,1,4,1,4,2,1,3,4,5,1,4,4,3,1,3,3,2,2,,2,1,1
5131016xxx,2,1,1,4,1,4,1,3,2,2,4,1,2,4,1,2,4,2,2,4,1,3,2,3,2,2,2,4,1,4,2,4,3,1,1,4,3,2,4,2,4,2,3,2,3,1,4,2,,1,2,1
6496571xxx,1,1,1,2,2,4,2,3,1,4,4,3,2,3,3,2,4,4,2,3,1,2,4,3,2,1,1,4,3,4,1,2,3,4,2,5,4,5,2,1,4,4,1,1,2,2,4,1,,1,1,1
2953601xxx,1,2,1,1,1,1,2,3,1,1,2,4,3,4,2,2,4,1,2,4,1,3,1,3,2,2,2,2,3,3,1,4,3,2,5,1,2,4,1,1,4,4,2,1,3,2,2,2,,2,1,1
2359297xxx,1,1,1,2,2,1,1,3,1,2,3,1,3,3,4,2,4,1,2,2,1,2,3,3,2,2,3,2,1,3,1,1,3,4,2,1,3,4,2,1,2,3,3,4,4,2,4,1,,2,1,1
8675309xxx,1,2,1,2,2,4,2,2,1,1,2,2,2,2,1,2,1,2,3,4,1,3,1,3,2,1,2,4,1,4,1,4,1,3,5,1,4,2,2,1,4,4,2,2,3,2,2,1,,1,2,1

